0
0
0
0
0
0
0
0
0
0
0
0
0
0
0
0
0
1
1
1
1
1
1
1
1
1
1
1
1
2
2
2
2
2
2
2
3
3
3
3
3
3
3
4
4
4
4
4
4
5
5
5
5
5
6
6
6
6
7
7
7
7
8
8
8
8
9
9
9
9
10
10
10
10
11
11
11
12
12
12
12
13
13
13
13
14
14
14
15
15
16
16
16
17
17
18
18
19
19
19
20
20
21
21
22
22
23
23
23
24
24
24
25
25
26
26
26
27
27
28
28
29
29
30
30
31
31
32
32
33
33
34
34
35
35
36
37
37
38
38
39
39
40
40
41
41
42
42
43
43
44
45
45
46
47
47
48
49
50
50
51
52
52
53
54
54
55
56
56
57
57
58
58
59
59
59
60
60
61
61
61
62
63
63
64
64
65
66
67
67
68
69
70
72
73
73
75
76
77
78
79
80
81
81
83
84
83
84
85
85
86
86
86
87
87
87
88
88
88
89
89
90
91
91
92
93
94
95
96
97
98
100
100
102
103
104
105
106
107
108
109
110
111
111
112
113
113
114
114
115
115
116
115
117
118
117
120
118
119
123
122
122
121
125
126
124
127
125
127
127
127
128
127
128
129
129
129
130
130
131
132
132
133
134
135
137
138
140
141
143
144
146
147
149
150
151
152
153
154
155
156
155
156
156
155
156
155
155
155
155
154
154
154
154
155
155
155
156
156
158
159
160
161
163
164
165
167
168
170
171
173
174
175
176
177
178
179
180
180
180
181
181
181
181
181
181
182
181
181
181
181
181
181
181
181
182
181
182
182
182
184
183
184
185
185
186
187
187
189
190
190
192
192
192
194
195
195
196
197
198
198
198
199
200
199
200
200
200
200
200
200
200
200
200
199
199
199
199
199
199
198
199
199
198
200
199
198
200
200
200
200
200
201
200
201
202
201
202
202
202
202
202
202
202
203
202
202
202
202
202
202
202
202
203
202
202
203
202
203
203
202
203
203
202
202
202
201
202
201
200
200
199
199
198
197
197
197
195
195
195
193
193
193
191
191
191
190
190
190
189
189
188
188
188
188
187
187
187
186
187
186
185
186
184
184
184
183
182
182
180
180
179
178
177
176
174
173
172
170
169
167
165
164
162
161
160
158
156
155
154
152
152
149
149
148
147
146
145
144
144
143
142
141
140
139
139
137
136
134
133
131
130
129
126
125
122
120
119
116
113
112
110
107
105
102
101
100
95
95
93
91
90
87
84
84
82
79
78
74
73
73
67
66
65
59
58
56
51
50
47
43
42
38
35
33
30
27
26
23
20
20
16
14
13
9
7
6
2
0
-1
-6
-7
-10
-14
-16
-20
-24
-26
-30
-35
-37
-41
-46
-48
-54
-58
-60
-65
-69
-71
-76
-80
-82
-88
-90
-93
-98
-100
-103
-108
-110
-114
-118
-120
-124
-129
-131
-136
-140
-142
-147
-152
-154
-159
-164
-166
-173
-177
-179
-186
-189
-193
-199
-202
-206
-213
-216
-220
-227
-229
-235
-241
-244
-250
-255
-259
-264
-270
-273
-280
-285
-288
-296
-301
-304
-311
-316
-319
-327
-331
-335
-343
-346
-351
-359
-361
-367
-374
-377
-384
-390
-393
-400
-406
-410
-417
-423
-426
-435
-441
-444
-453
-458
-462
-472
-477
-481
-492
-495
-501
-512
-513
-523
-531
-531
-543
-550
-553
-562
-571
-574
-581
-589
-595
-605
-607
-613
-625
-628
-636
-644
-647
-657
-664
-669
-678
-684
-690
-699
-706
-712
-721
-728
-734
-744
-751
-757
-768
-774
-781
-792
-798
-805
-816
-822
-830
-841
-846
-855
-865
-871
-880
-889
-896
-905
-914
-920
-930
-939
-945
-955
-963
-970
-980
-988
-995
-1006
-1013
-1020
-1032
-1038
-1047
-1058
-1064
-1073
-1084
-1091
-1100
-1111
-1117
-1128
-1139
-1145
-1158
-1167
-1175
-1187
-1198
-1205
-1218
-1228
-1236
-1251
-1259
-1269
-1283
-1291
-1301
-1315
-1323
-1332
-1346
-1352
-1364
-1375
-1381
-1393
-1402
-1409
-1420
-1429
-1436
-1447
-1456
-1462
-1475
-1483
-1491
-1504
-1512
-1522
-1536
-1545
-1555
-1571
-1579
-1592
-1607
-1615
-1631
-1645
-1655
-1669
-1683
-1693
-1708
-1721
-1729
-1745
-1755
-1765
-1779
-1787
-1796
-1810
-1819
-1827
-1840
-1847
-1857
-1872
-1879
-1888
-1905
-1910
-1923
-1939
-1946
-1964
-1972
-1983
-2005
-2010
-2024
-2040
-2049
-2064
-2079
-2087
-2099
-2115
-2121
-2136
-2147
-2152
-2172
-2178
-2184
-2197
-2209
-2224
-2229
-2239
-2257
-2265
-2281
-2295
-2302
-2323
-2335
-2349
-2371
-2380
-2398
-2418
-2429
-2449
-2465
-2477
-2496
-2511
-2521
-2540
-2550
-2560
-2577
-2584
-2593
-2606
-2612
-2620
-2632
-2635
-2643
-2654
-2656
-2667
-2678
-2681
-2694
-2704
-2710
-2728
-2739
-2749
-2769
-2782
-2796
-2820
-2833
-2851
-2876
-2891
-2912
-2937
-2951
-2974
-2997
-3010
-3031
-3051
-3062
-3082
-3097
-3103
-3121
-3130
-3134
-3148
-3151
-3153
-3164
-3163
-3164
-3174
-3170
-3173
-3182
-3179
-3186
-3197
-3197
-3210
-3224
-3229
-3249
-3267
-3278
-3306
-3328
-3345
-3378
-3402
-3424
-3461
-3484
-3508
-3545
-3565
-3589
-3622
-3634
-3656
-3681
-3687
-3704
-3719
-3717
-3729
-3736
-3727
-3736
-3735
-3725
-3734
-3727
-3719
-3730
-3723
-3724
-3735
-3736
-3743
-3758
-3768
-3785
-3815
-3816
-3843
-3888
-3888
-3927
-3961
-3967
-4016
-4039
-4050
-4092
-4111
-4121
-4160
-4168
-4170
-4210
-4204
-4211
-4247
-4228
-4239
-4267
-4242
-4264
-4295
-4260
-4295
-4314
-4271
-4347
-4345
-4316
-4406
-4344
-4354
-4458
-4412
-4438
-4423
-4423
-4528
-4459
-4462
-4523
-4459
-4504
-4525
-4478
-4516
-4512
-4485
-4524
-4519
-4506
-4545
-4535
-4539
-4584
-4580
-4605
-4648
-4652
-4691
-4735
-4749
-4798
-4839
-4856
-4906
-4939
-4957
-5002
-5023
-5035
-5068
-5074
-5077
-5096
-5087
-5082
-5087
-5066
-5054
-5050
-5021
-5012
-5003
-4976
-4973
-4966
-4950
-4957
-4961
-4958
-4981
-4994
-5008
-5045
-5067
-5098
-5142
-5173
-5210
-5257
-5290
-5326
-5373
-5394
-5430
-5462
-5475
-5502
-5516
-5521
-5531
-5539
-5527
-5533
-5527
-5509
-5516
-5497
-5489
-5484
-5475
-5466
-5470
-5468
-5456
-5479
-5467
-5484
-5502
-5502
-5518
-5532
-5553
-5556
-5614
-5583
-5611
-5657
-5607
-5735
-5687
-5653
-5733
-5747
-5807
-5723
-5790
-5840
-5810
-5889
-5856
-5899
-5923
-5935
-5978
-5978
-6009
-6015
-6041
-6050
-6069
-6071
-6071
-6087
-6068
-6083
-6065
-6055
-6051
-6033
-6022
-6008
-5997
-5973
-5977
-5956
-5952
-5956
-5942
-5956
-5959
-5971
-5983
-6008
-6020
-6047
-6083
-6096
-6139
-6165
-6189
-6226
-6257
-6273
-6308
-6327
-6327
-6372
-6365
-6373
-6384
-6366
-6384
-6373
-6352
-6351
-6341
-6311
-6312
-6294
-6265
-6273
-6244
-6232
-6234
-6217
-6212
-6220
-6211
-6212
-6234
-6224
-6246
-6263
-6264
-6294
-6310
-6325
-6348
-6373
-6380
-6411
-6430
-6434
-6468
-6471
-6484
-6502
-6506
-6508
-6523
-6520
-6514
-6531
-6510
-6513
-6513
-6493
-6495
-6488
-6473
-6465
-6466
-6442
-6447
-6441
-6420
-6432
-6420
-6415
-6420
-6418
-6412
-6425
-6426
-6419
-6444
-6433
-6444
-6460
-6454
-6467
-6479
-6479
-6484
-6501
-6489
-6504
-6511
-6496
-6514
-6506
-6504
-6507
-6500
-6491
-6493
-6493
-6476
-6477
-6466
-6460
-6467
-6444
-6437
-6451
-6426
-6425
-6437
-6408
-6419
-6418
-6401
-6411
-6406
-6394
-6397
-6399
-6379
-6392
-6382
-6365
-6380
-6361
-6353
-6356
-6343
-6330
-6336
-6318
-6305
-6316
-6288
-6288
-6288
-6265
-6267
-6265
-6245
-6245
-6247
-6221
-6232
-6224
-6203
-6216
-6200
-6188
-6193
-6181
-6163
-6173
-6154
-6137
-6149
-6119
-6113
-6114
-6088
-6079
-6080
-6050
-6043
-6047
-6007
-6014
-6001
-5967
-5980
-5959
-5935
-5939
-5918
-5894
-5907
-5878
-5857
-5864
-5836
-5827
-5820
-5797
-5787
-5782
-5754
-5746
-5744
-5710
-5713
-5696
-5672
-5671
-5656
-5636
-5628
-5619
-5589
-5595
-5576
-5552
-5556
-5530
-5514
-5511
-5491
-5466
-5470
-5439
-5420
-5423
-5381
-5375
-5362
-5329
-5317
-5304
-5269
-5256
-5246
-5201
-5203
-5177
-5144
-5142
-5113
-5088
-5079
-5059
-5023
-5029
-4996
-4970
-4975
-4931
-4922
-4913
-4880
-4862
-4857
-4819
-4806
-4804
-4748
-4753
-4729
-4692
-4694
-4657
-4628
-4621
-4599
-4555
-4556
-4527
-4486
-4490
-4451
-4424
-4416
-4378
-4350
-4350
-4303
-4280
-4277
-4220
-4215
-4193
-4146
-4135
-4111
-4067
-4052
-4031
-3974
-3976
-3937
-3893
-3890
-3843
-3811
-3798
-3760
-3718
-3717
-3667
-3634
-3634
-3572
-3560
-3540
-3491
-3473
-3456
-3406
-3389
-3375
-3311
-3315
-3278
-3229
-3227
-3183
-3145
-3131
-3095
-3043
-3042
-2990
-2947
-2945
-2877
-2853
-2831
-2775
-2741
-2724
-2660
-2631
-2616
-2538
-2531
-2491
-2429
-2419
-2373
-2320
-2302
-2264
-2202
-2200
-2144
-2096
-2089
-2026
-1995
-1972
-1923
-1876
-1865
-1805
-1768
-1756
-1676
-1662
-1630
-1560
-1537
-1507
-1437
-1407
-1380
-1296
-1289
-1238
-1164
-1156
-1093
-1032
-1016
-957
-887
-886
-806
-755
-751
-657
-630
-602
-525
-492
-466
-382
-356
-330
-235
-229
-175
-97
-86
-26
47
66
123
207
208
293
359
366
461
510
538
623
678
692
799
839
857
975
986
1043
1129
1153
1214
1293
1321
1375
1476
1478
1559
1639
1648
1746
1808
1833
1922
1996
2009
2120
2175
2196
2322
2349
2401
2506
2544
2593
2703
2733
2784
2907
2909
2996
3089
3102
3195
3278
3300
3386
3481
3483
3602
3669
3683
3815
3858
3902
4015
4071
4106
4237
4276
4321
4466
4472
4559
4671
4694
4781
4889
4915
4998
5121
5115
5241
5327
5337
5472
5535
5570
5686
5764
5780
5927
5975
6004
6166
6178
6255
6381
6411
6483
6615
6638
6712
6859
6845
6971
7076
7082
7210
7297
7323
7438
7544
7536
7694
7761
7771
7949
7974
8030
8174
8218
8265
8428
8451
8507
8688
8667
8783
8913
8916
9039
9150
9156
9281
9408
9373
9549
9618
9614
9801
9825
9868
10013
10060
10083
10255
10270
10307
10492
10459
10561
10696
10689
10784
10916
10910
11009
11159
11107
11270
11363
11345
11513
11576
11591
11739
11819
11800
12008
12023
12035
12255
12220
12304
12453
12452
12517
12684
12661
12729
12912
12825
12977
13081
13027
13178
13253
13222
13350
13444
13362
13562
13582
13536
13746
13707
13733
13890
13883
13884
14077
14029
14060
14274
14160
14289
14421
14353
14480
14604
14541
14666
14812
14686
14904
14950
14871
15093
15080
15056
15222
15229
15153
15374
15296
15257
15478
15310
15368
15489
15363
15395
15524
15369
15419
15566
15333
15510
15546
15389
15576
15580
15480
15652
15704
15559
15850
15799
15741
16052
15931
15996
16220
16153
16180
16446
16306
16370
16631
16370
16562
16649
16437
16577
16606
16373
16472
16489
16125
16338
16162
15878
16073
15793
15611
15715
15501
15281
15508
15202
15114
15395
15027
15191
15365
15169
15371
15629
15473
15770
16105
15878
16429
16566
16493
17026
17073
17063
17452
17512
17331
17774
17516
17336
17662
17131
17018
17010
16445
16142
16090
15326
15033
14937
13967
13949
13622
12876
12913
12677
12149
12367
12376
11936
12701
12679
12758
13774
13865
14440
15509
15954
16592
17976
18264
19120
20468
20430
21517
22268
22180
22840
23189
22596
22810
22674
21296
21394
20202
18598
18133
16322
14586
13627
11724
9648
9036
6805
5329
5062
3011
2685
2678
1784
2262
3435
3420
5257
7583
8280
11889
14462
16577
20877
23901
26597
30960
34092
36171
40755
42252
43896
47075
46578
47222
47877
45712
43878
42760
37688
34215
30949
23271
19372
13487
5497
617
-5634
-13483
-17460
-22377
-29372
-29772
-33961
-36734
-33874
-35057
-32965
-26976
-23744
-18510
-7382
-2628
7096
20503
25549
38799
50086
55860
67194
76964
78557
87065
91746
85416
92328
86445
76644
76411
61992
46707
40276
21637
-431
-4360
-33484
-51676
-55446
-88622
-96002
-101166
-126390
-129368
-121415
-151662
-136206
-117883
-152724
-97177
-99223
-124131
-59379
-58834
-77738
35158
11446
-104973
162490
-101084
9406
674444
-584770
-318411
8388607
-318411
-584769
674442
9406
-101083
162489
-104972
11446
35158
-77738
-58833
-59378
-124129
-99221
-97175
-152721
-117881
-136203
-151659
-121412
-129365
-126387
-101163
-95999
-88619
-55444
-51674
-33483
-4360
-431
21636
40275
46706
61990
76407
76641
86441
92324
85412
91742
87060
78553
76960
67190
55857
50083
38797
25547
20502
7096
-2627
-7382
-18509
-23742
-26974
-32963
-35055
-33872
-36731
-33959
-29770
-29369
-22376
-17458
-13482
-5634
617
5497
13486
19371
23269
30946
34212
37685
42756
43874
45708
47872
47218
46574
47071
43891
42248
40751
36168
34089
30957
26594
23898
20874
16576
14460
11888
8279
7582
5257
3420
3435
2261
1784
2678
2685
3010
5062
5328
6805
9035
9647
11722
13625
14584
16320
18130
18596
20199
21391
21293
22671
22807
22593
23186
22836
22177
22265
21514
20427
20465
19117
18261
17973
16589
15951
15506
14438
13863
13772
12756
12677
12699
11934
12374
12365
12147
12675
12911
12874
13619
13947
13965
14934
15030
15323
16087
16139
16442
17007
17015
17127
17658
17333
17513
17770
17327
17508
17448
17060
17069
17023
16490
16563
16426
15875
16101
15766
15470
15626
15367
15166
15362
15188
15024
15392
15111
15199
15505
15277
15498
15712
15607
15790
16069
15875
16158
16334
16122
16485
16468
16369
16602
16574
16433
16645
16558
16366
16627
16366
16302
16442
16176
16149
16215
15992
15927
16048
15737
15795
15846
15555
15699
15648
15475
15576
15572
15385
15542
15506
15329
15562
15414
15365
15519
15390
15359
15485
15363
15306
15474
15253
15292
15370
15149
15224
15218
15052
15076
15089
14867
14946
14900
14682
14808
14662
14537
14599
14475
14349
14417
14285
14155
14269
14056
14025
14073
13880
13879
13885
13729
13702
13742
13532
13577
13558
13358
13440
13345
13217
13249
13174
13023
13077
12973
12821
12908
12724
12656
12679
12513
12448
12448
12300
12216
12250
12031
12019
12004
11796
11814
11735
11587
11572
11509
11341
11359
11266
11103
11155
11005
10906
10912
10780
10685
10692
10557
10455
10488
10303
10266
10251
10079
10056
10009
9864
9821
9797
9610
9614
9546
9369
9405
9277
9152
9146
9036
8912
8909
8779
8663
8685
8503
8447
8425
8261
8214
8171
8027
7971
7945
7768
7758
7691
7533
7541
7434
7320
7293
7207
7079
7073
6968
6843
6856
6709
6636
6612
6480
6408
6378
6252
6175
6163
6002
5973
5924
5777
5761
5683
5567
5532
5470
5335
5324
5238
5113
5119
4996
4912
4887
4779
4692
4669
4557
4470
4464
4319
4274
4235
4104
4069
4013
3900
3856
3813
3681
3667
3600
3481
3480
3384
3299
3276
3193
3101
3088
2994
2907
2906
2783
2731
2702
2592
2543
2505
2400
2348
2321
2195
2174
2119
2008
1995
1921
1832
1807
1745
1647
1638
1558
1477
1475
1374
1320
1293
1213
1153
1128
1042
985
974
857
838
799
692
678
622
538
510
461
366
359
293
208
207
123
66
47
-26
-86
-97
-175
-229
-235
-330
-355
-382
-466
-492
-524
-602
-629
-657
-751
-755
-806
-885
-887
-956
-1016
-1031
-1092
-1155
-1163
-1237
-1288
-1295
-1379
-1406
-1437
-1506
-1536
-1559
-1629
-1661
-1675
-1755
-1766
-1804
-1864
-1875
-1921
-1971
-1994
-2025
-2087
-2094
-2142
-2199
-2201
-2262
-2300
-2319
-2371
-2417
-2428
-2489
-2529
-2536
-2614
-2630
-2659
-2722
-2740
-2774
-2829
-2851
-2876
-2943
-2946
-2988
-3040
-3041
-3093
-3129
-3143
-3181
-3225
-3227
-3276
-3313
-3309
-3372
-3387
-3403
-3454
-3471
-3488
-3538
-3557
-3569
-3631
-3632
-3664
-3714
-3716
-3757
-3795
-3809
-3840
-3888
-3890
-3934
-3974
-3972
-4028
-4049
-4064
-4108
-4132
-4143
-4190
-4212
-4217
-4274
-4277
-4300
-4347
-4347
-4375
-4413
-4421
-4447
-4487
-4483
-4523
-4552
-4552
-4596
-4617
-4625
-4653
-4690
-4689
-4725
-4750
-4745
-4800
-4802
-4815
-4853
-4858
-4877
-4909
-4918
-4927
-4971
-4966
-4992
-5025
-5019
-5055
-5075
-5083
-5109
-5138
-5140
-5173
-5199
-5197
-5242
-5252
-5264
-5299
-5313
-5324
-5358
-5371
-5376
-5419
-5416
-5435
-5465
-5462
-5486
-5507
-5510
-5526
-5551
-5547
-5571
-5590
-5585
-5614
-5624
-5631
-5651
-5666
-5667
-5691
-5708
-5705
-5739
-5741
-5749
-5778
-5782
-5792
-5815
-5822
-5831
-5859
-5852
-5873
-5902
-5889
-5912
-5934
-5930
-5954
-5975
-5962
-5996
-6008
-6001
-6041
-6037
-6045
-6074
-6074
-6083
-6109
-6107
-6114
-6143
-6132
-6149
-6167
-6158
-6175
-6187
-6183
-6195
-6211
-6197
-6219
-6227
-6215
-6242
-6239
-6240
-6259
-6261
-6259
-6283
-6282
-6282
-6310
-6299
-6312
-6330
-6324
-6337
-6350
-6347
-6355
-6373
-6359
-6376
-6386
-6373
-6393
-6391
-6387
-6400
-6405
-6395
-6411
-6413
-6402
-6430
-6419
-6420
-6445
-6431
-6438
-6460
-6454
-6459
-6470
-6469
-6486
-6487
-6485
-6494
-6501
-6497
-6500
-6507
-6489
-6504
-6498
-6483
-6495
-6477
-6472
-6472
-6461
-6448
-6454
-6438
-6427
-6437
-6413
-6419
-6419
-6405
-6412
-6413
-6409
-6413
-6426
-6414
-6434
-6440
-6435
-6459
-6459
-6466
-6481
-6488
-6486
-6506
-6506
-6503
-6524
-6507
-6513
-6516
-6501
-6499
-6495
-6477
-6464
-6461
-6427
-6423
-6404
-6373
-6366
-6341
-6318
-6303
-6287
-6257
-6256
-6239
-6217
-6228
-6205
-6204
-6213
-6206
-6210
-6227
-6225
-6237
-6266
-6258
-6287
-6305
-6304
-6334
-6344
-6345
-6366
-6377
-6359
-6377
-6366
-6358
-6364
-6320
-6319
-6301
-6266
-6250
-6219
-6181
-6158
-6132
-6089
-6076
-6040
-6013
-6001
-5976
-5964
-5952
-5949
-5935
-5949
-5945
-5949
-5970
-5966
-5989
-6000
-6014
-6025
-6043
-6048
-6058
-6076
-6060
-6079
-6064
-6063
-6061
-6042
-6034
-6008
-6001
-5970
-5971
-5928
-5915
-5892
-5849
-5882
-5803
-5833
-5783
-5716
-5800
-5740
-5726
-5646
-5680
-5728
-5600
-5649
-5604
-5575
-5607
-5549
-5546
-5525
-5511
-5495
-5495
-5477
-5460
-5472
-5449
-5461
-5463
-5459
-5468
-5477
-5481
-5490
-5509
-5502
-5520
-5526
-5520
-5532
-5524
-5514
-5509
-5494
-5468
-5455
-5422
-5387
-5366
-5319
-5283
-5250
-5203
-5166
-5135
-5091
-5060
-5039
-5001
-4987
-4974
-4951
-4954
-4951
-4944
-4959
-4966
-4969
-4996
-5005
-5014
-5043
-5047
-5059
-5080
-5075
-5080
-5089
-5070
-5067
-5061
-5028
-5016
-4995
-4950
-4932
-4899
-4849
-4832
-4791
-4743
-4729
-4684
-4646
-4642
-4599
-4573
-4577
-4533
-4528
-4539
-4499
-4513
-4517
-4479
-4506
-4510
-4471
-4518
-4497
-4452
-4516
-4455
-4452
-4522
-4416
-4417
-4431
-4405
-4451
-4347
-4338
-4399
-4309
-4338
-4340
-4264
-4308
-4289
-4254
-4289
-4257
-4236
-4260
-4233
-4221
-4240
-4205
-4198
-4204
-4164
-4161
-4153
-4114
-4104
-4086
-4043
-4032
-4010
-3961
-3955
-3920
-3881
-3882
-3837
-3810
-3809
-3779
-3762
-3752
-3737
-3730
-3729
-3718
-3717
-3724
-3713
-3721
-3728
-3719
-3729
-3730
-3721
-3730
-3723
-3711
-3713
-3698
-3681
-3675
-3650
-3628
-3616
-3583
-3559
-3539
-3503
-3479
-3455
-3419
-3396
-3372
-3339
-3322
-3300
-3273
-3262
-3243
-3224
-3218
-3204
-3192
-3192
-3181
-3174
-3177
-3168
-3165
-3168
-3159
-3158
-3159
-3147
-3146
-3142
-3128
-3125
-3115
-3098
-3091
-3076
-3056
-3046
-3026
-3005
-2992
-2968
-2946
-2931
-2907
-2886
-2871
-2846
-2828
-2815
-2791
-2777
-2764
-2744
-2734
-2723
-2706
-2699
-2689
-2676
-2673
-2662
-2651
-2649
-2638
-2630
-2627
-2615
-2607
-2602
-2589
-2579
-2572
-2556
-2546
-2535
-2517
-2506
-2492
-2472
-2461
-2444
-2424
-2413
-2394
-2375
-2366
-2344
-2331
-2318
-2297
-2291
-2276
-2260
-2252
-2234
-2225
-2220
-2205
-2193
-2180
-2174
-2168
-2147
-2143
-2132
-2116
-2111
-2095
-2083
-2074
-2060
-2045
-2036
-2020
-2006
-2001
-1979
-1968
-1960
-1942
-1936
-1920
-1907
-1901
-1885
-1875
-1869
-1854
-1844
-1837
-1823
-1815
-1806
-1792
-1784
-1775
-1761
-1751
-1741
-1725
-1717
-1705
-1689
-1680
-1666
-1651
-1641
-1627
-1612
-1604
-1588
-1575
-1567
-1551
-1541
-1532
-1519
-1509
-1501
-1488
-1480
-1472
-1459
-1453
-1444
-1432
-1426
-1417
-1406
-1399
-1390
-1378
-1372
-1361
-1349
-1343
-1329
-1320
-1312
-1299
-1288
-1280
-1266
-1257
-1248
-1234
-1226
-1216
-1203
-1195
-1184
-1173
-1164
-1155
-1143
-1136
-1126
-1115
-1109
-1098
-1088
-1081
-1071
-1062
-1055
-1045
-1036
-1030
-1018
-1011
-1004
-993
-986
-978
-968
-961
-953
-943
-936
-928
-918
-912
-903
-893
-887
-878
-869
-863
-853
-844
-839
-828
-820
-814
-803
-796
-790
-779
-773
-766
-755
-749
-742
-732
-727
-719
-710
-705
-697
-688
-683
-676
-667
-663
-655
-645
-642
-635
-626
-624
-611
-606
-603
-593
-588
-579
-572
-569
-561
-551
-549
-542
-530
-529
-521
-512
-511
-499
-493
-491
-480
-475
-471
-461
-457
-452
-443
-440
-434
-425
-422
-416
-409
-405
-399
-392
-389
-383
-376
-373
-366
-360
-358
-350
-345
-342
-334
-330
-326
-319
-315
-311
-303
-300
-295
-288
-285
-279
-273
-270
-264
-258
-255
-249
-243
-240
-234
-229
-226
-220
-215
-212
-206
-202
-199
-192
-188
-185
-179
-176
-172
-166
-164
-159
-154
-151
-147
-142
-140
-135
-130
-129
-124
-120
-118
-113
-110
-108
-103
-100
-98
-92
-90
-87
-82
-80
-76
-71
-69
-65
-60
-57
-53
-48
-46
-41
-37
-35
-30
-26
-24
-20
-16
-14
-10
-7
-6
-1
0
2
6
7
9
13
14
16
20
20
23
26
27
30
33
35
38
42
43
46
50
51
56
58
59
64
66
67
72
72
74
78
79
82
83
84
87
90
90
93
95
95
99
101
102
105
107
109
111
113
115
119
119
122
124
125
128
129
131
133
134
136
136
138
138
140
141
141
142
143
144
145
146
146
148
149
149
151
152
153
155
156
157
159
160
162
164
165
167
168
169
171
173
174
175
177
177
178
180
180
181
182
182
183
183
184
185
185
185
186
185
186
187
186
187
187
187
188
188
188
189
189
189
190
191
191
192
192
192
194
194
195
196
196
197
198
198
198
199
199
200
201
200
201
201
201
202
202
201
202
202
201
202
202
201
202
201
201
202
201
201
202
201
201
202
201
201
201
201
201
201
201
200
201
200
199
200
199
199
199
199
199
197
198
199
197
198
198
197
198
198
198
198
198
198
199
199
199
199
199
199
199
199
199
198
199
198
197
197
197
196
195
194
194
193
191
191
191
189
189
188
186
186
185
184
184
183
182
183
181
181
181
180
181
180
180
180
180
180
180
180
180
181
180
180
180
180
180
180
179
179
179
178
177
176
175
174
173
171
170
169
167
166
164
163
162
160
159
158
157
156
155
154
154
154
153
153
153
153
154
154
154
154
155
154
155
155
154
155
154
153
152
151
150
149
148
146
145
143
142
140
139
137
136
134
133
133
131
131
130
129
129
128
128
128
127
126
127
126
126
126
124
126
123
125
124
121
121
121
122
118
117
119
116
117
116
115
115
114
114
113
113
112
112
111
110
110
109
108
107
106
106
105
103
102
101
100
99
98
96
95
94
93
92
91
90
90
89
88
88
87
87
87
86
86
86
86
85
85
84
84
84
83
83
82
81
80
79
78
77
76
75
74
73
72
71
70
69
68
67
66
65
64
64
63
62
62
61
61
60
60
59
59
59
58
58
57
57
57
56
55
55
54
54
53
52
52
51
50
50
49
48
48
47
46
45
45
44
44
43
42
42
41
41
40
40
39
39
38
38
37
37
36
36
35
34
34
33
33
32
32
31
31
30
30
29
29
28
28
27
27
26
26
26
25
25
24
24
24
23
23
23
22
22
21
21
20
20
20
19
19
18
18
17
17
16
16
16
15
15
14
14
14
13
13
13
13
12
12
12
12
11
11
11
10
10
10
10
9
9
9
9
8
8
8
8
7
7
7
7
6
6
6
6
5
5
5
5
5
4
4
4
4
4
4
3
3
3
3
3
3
2
2
2
2
2
2
2
2
1
1
1
1
1
1
1
1
1
1
1
1
0
0
0
0
0
0
0
0
0
0
0
0
0
0
0
0
0
