1.0000000000
0.0139358787
0.0554797440
0.1244917336
0.2212556627
0.3494024521
0.5239068183
0.7787894332
1.1668407341
1.5717364978
1.8673285820
2.1677921579
2.4176133453
2.5744025087
2.6245647744
2.5823686538
2.4772212576
2.3400206067
2.1951141343
2.0581609751
1.9373816558
1.8358481377
1.7535639861
1.6889481567
1.6397552147
1.6035891704
1.5781622443
1.5614077062
1.5515153974
1.5469294878
1.5463297850
1.5486073750
1.5528396416
1.5582667690
1.5642704173
1.5703546394
1.5761288789
1.5812928309
1.5856229671
1.5889605531
1.5912010237
1.5922845999
1.5921880479
1.5909174903
1.5885021817
1.5849891632
1.5804387151
1.5749205254
1.5685104965
1.5612881159
1.5533343198
1.5447297856
1.5355535915
1.5258821901
1.5157886458
1.5053420940
1.4946073810
1.4836448550
1.4725102752
1.4612548175
1.4499251539
1.4385635881
1.4272082335
1.4158932203
1.4046489220
1.3935021935
1.3824766142
1.3715927309
1.3608682965
1.3503185017
1.3399561978
1.3297921088
1.3198350307
1.3100920207
1.3005685712
1.2912687738
1.2821954694
1.2733503868
1.2647342704
1.2563469962
1.2481876783
1.2402547652
1.2325461274
1.2250591365
1.2177907366
1.2107375086
1.2038957279
1.1972614157
1.1908303857
1.1845982847
1.1785606292
1.1727128377
1.1670502593
1.1615681981
1.1562619357
1.1511267496
1.1461579293
1.1413507900
1.1367006839
1.1322030093
1.1278532171
1.1236468158
1.1195793741
1.1156465212
1.1118439450
1.1081673883
1.1046126419
1.1011755354
1.0978519249
1.0946376785
1.0915286568
1.0885206916
1.0856095596
1.0827909525
1.0800604431
1.0774134463
1.0748451764
1.0723505994
1.0699243809
1.0675608304
1.0652538404
1.0629968234
1.0607826453
1.0586035569
1.0564511245
1.0543161607
1.0521886564
1.0500577161
1.0479114985
1.0457371629
1.0435208255
1.0412475259
1.0389012080
1.0364647155
1.0339198064
1.0312471874
1.0284265705
1.0254367544
1.0222557317
1.0188608228
1.0152288384
1.0113362693
1.0071595041
1.0026750729
0.9978599162
0.9926916738
0.9871489933
0.9812118505
0.9748618792
0.9680827021
0.9608602583
0.9531831183
0.9450427813
0.9364339454
0.9273547451
0.9178069479
0.9077961048
0.8973316489
0.8864269377
0.8750992367
0.8633696420
0.8512629432
0.8388074274
0.8260346267
0.8129790168
0.7996776692
0.7861698674
0.7724966934
0.7587005942
0.7448249367
0.7309135624
0.7170103474
0.7031587798
0.6894015599
0.6757802306
0.6623348440
0.6491036681
0.6361229365
0.6234266437
0.6110463854
0.5990112448
0.5873477209
0.5760796991
0.5652284583
0.5548127125
0.5448486819
0.5353501887
0.5263287744
0.5177938327
0.5097527548
0.5022110821
0.4951726636
0.4886398139
0.4826134689
0.4770933371
0.4720780440
0.4675652677
0.4635518655
0.4600339881
0.4570071839
0.4544664904
0.4524065138
0.4508214969
0.4497053748
0.4490518205
0.4488542782
0.4491059887
0.4498000038
0.4509291934
0.4524862450
0.4544636565
0.4568537232
0.4596485205
0.4628398830
0.4664193799
0.4703782894
0.4747075723
0.4793978443
0.4844393502
0.4898219394
0.4955350433
0.5015676559
0.5079083180
0.5145451057
0.5214656235
0.5286570022
0.5361059025
0.5437985245
0.5517206219
0.5598575232
0.5681941582
0.5767150898
0.5854045516
0.5942464907
0.6032246144
0.6123224420
0.6215233596
0.6308106785
0.6401676953
0.6495777542
0.6590243106
0.6684909943
0.6779616729
0.6874205141
0.6968520456
0.7062412139
0.7155734387
0.7248346652
0.7340114115
0.7430908118
0.7520606557
0.7609094212
0.7696263040
0.7782012406
0.7866249262
0.7948888277
0.8029851915
0.8109070455
0.8186481972
0.8262032265
0.8335674745
0.8407370281
0.8477087009
0.8544800107
0.8610491544
0.8674149797
0.8735769553
0.8795351385
0.8852901419
0.8908430989
0.8961956284
0.9013497989
0.9063080923
0.9110733690
0.9156488314
0.9200379900
0.9242446290
0.9282727738
0.9321266584
0.9358106958
0.9393294484
0.9426876003
0.9458899314
0.9489412929
0.9518465839
0.9546107307
0.9572386666
0.9597353139
0.9621055675
0.9643542796
0.9664862462
0.9685061948
0.9704187741
0.9722285437
0.9739399666
0.9755574016
0.9770850975
0.9785271879
0.9798876876
0.9811704888
0.9823793593
0.9835179406
0.9845897470
0.9855981655
0.9865464557
0.9874377510
0.9882750592
0.9890612648
0.9897991303
0.9904912989
0.9911402968
0.9917485358
0.9923183166
0.9928518315
0.9933511677
0.9938183107
0.9942551475
0.9946634699
0.9950449784
0.9954012850
0.9957339171
0.9960443207
0.9963338636
0.9966038392
0.9968554692
0.9970899071
0.9973082414
0.9975114984
0.9977006452
0.9978765927
0.9980401982
0.9981922684
0.9983335616
0.9984647905
0.9985866244
0.9986996916
0.9988045817
0.9989018476
0.9989920074
0.9990755468
0.9991529203
0.9992245537
0.9992908452
0.9993521671
0.9994088675
0.9994612719
0.9995096841
0.9995543877
0.9995956474
0.9996337103
0.9996688067
0.9997011514
0.9997309442
0.9997583717
0.9997836073
0.9998068126
0.9998281377
0.9998477226
0.9998656971
0.9998821821
0.9998972897
0.9999111244
0.9999237827
0.9999353547
0.9999459237
0.9999555669
0.9999643562
0.9999723580
0.9999796339
0.9999862410
0.9999922322
0.9999976563
1.0000025587
1.0000069812
1.0000109627
1.0000145389
1.0000177429
1.0000206054
1.0000231547
1.0000254168
1.0000274158
1.0000291740
1.0000307119
1.0000320483
1.0000332008
1.0000341854
1.0000350169
1.0000357089
1.0000362740
1.0000367237
1.0000370687
1.0000373187
1.0000374826
1.0000375688
1.0000375848
1.0000375375
1.0000374334
1.0000372781
1.0000370772
1.0000368356
1.0000365576
1.0000362475
1.0000359089
1.0000355453
1.0000351599
1.0000347555
1.0000343347
1.0000338999
1.0000334533
1.0000329967
1.0000325321
1.0000320610
1.0000315848
1.0000311050
1.0000306227
1.0000301391
1.0000296549
1.0000291713
1.0000286889
1.0000282085
1.0000277306
1.0000272559
1.0000267849
1.0000263179
1.0000258554
1.0000253977
1.0000249451
1.0000244979
1.0000240563
1.0000236205
1.0000231906
1.0000227668
1.0000223492
1.0000219378
1.0000215328
1.0000211341
1.0000207419
1.0000203560
1.0000199766
1.0000196036
1.0000192370
1.0000188768
1.0000185229
1.0000181753
1.0000178339
1.0000174987
1.0000171695
1.0000168465
1.0000165294
1.0000162182
1.0000159128
1.0000156131
1.0000153191
1.0000150307
1.0000147478
1.0000144702
1.0000141980
1.0000139310
1.0000136692
1.0000134123
1.0000131605
1.0000129135
1.0000126714
1.0000124339
1.0000122010
1.0000119727
1.0000117488
1.0000115293
1.0000113141
1.0000111030
1.0000108961
1.0000106932
1.0000104943
1.0000102993
1.0000101081
1.0000099206
1.0000097368
1.0000095565
1.0000093798
1.0000092065
1.0000090366
1.0000088701
1.0000087067
1.0000085466
1.0000083895
1.0000082355
1.0000080845
1.0000079364
1.0000077912
1.0000076489
1.0000075092
1.0000073723
1.0000072380
1.0000071063
1.0000069772
1.0000068505
1.0000067263
1.0000066045
1.0000064850
1.0000063678
1.0000062529
1.0000061402
1.0000060296
1.0000059211
1.0000058147
1.0000057104
1.0000056080
1.0000055076
1.0000054091
1.0000053124
1.0000052176
1.0000051246
1.0000050334
1.0000049439
1.0000048561
1.0000047699
1.0000046854
1.0000046024
1.0000045210
1.0000044412
1.0000043628
1.0000042859
1.0000042105
1.0000041364
1.0000040638
1.0000039925
1.0000039225
1.0000038539
1.0000037865
1.0000037204
1.0000036555
1.0000035918
1.0000035293
1.0000034679
1.0000034077
1.0000033486
1.0000032905
1.0000032336
1.0000031777
1.0000031228
1.0000030689
1.0000030160
1.0000029641
1.0000029132
1.0000028631
1.0000028140
1.0000027658
1.0000027184
1.0000026720
1.0000026263
1.0000025815
1.0000025375
1.0000024943
1.0000024519
1.0000024103
1.0000023694
1.0000023292
1.0000022898
1.0000022510
1.0000022130
1.0000021757
1.0000021390
1.0000021030
1.0000020676
1.0000020328
1.0000019987
1.0000019652
1.0000019323
1.0000019000
1.0000018682
1.0000018370
1.0000018064
1.0000017763
1.0000017467
1.0000017177
1.0000016892
1.0000016611
1.0000016336
1.0000016066
1.0000015800
1.0000015539
1.0000015283
1.0000015031
1.0000014783
1.0000014540
1.0000014301
1.0000014066
1.0000013836
1.0000013609
1.0000013386
1.0000013167
1.0000012952
1.0000012741
1.0000012533
1.0000012329
1.0000012129
1.0000011932
1.0000011738
1.0000011548
1.0000011361
1.0000011177
1.0000010996
1.0000010819
1.0000010644
1.0000010473
1.0000010304
1.0000010139
1.0000009976
1.0000009816
1.0000009658
1.0000009504
1.0000009352
1.0000009202
1.0000009055
1.0000008911
1.0000008769
1.0000008629
1.0000008492
1.0000008357
1.0000008225
1.0000008094
1.0000007966
1.0000007840
1.0000007716
1.0000007594
1.0000007474
1.0000007357
1.0000007241
1.0000007127
1.0000007015
1.0000006905
1.0000006797
1.0000006690
1.0000006585
1.0000006482
1.0000006381
1.0000006282
1.0000006184
1.0000006087
1.0000005993
1.0000005900
1.0000005808
1.0000005718
1.0000005629
1.0000005542
1.0000005456
1.0000005372
1.0000005289
1.0000005208
1.0000005127
1.0000005048
1.0000004971
1.0000004894
1.0000004819
1.0000004745
1.0000004673
1.0000004601
1.0000004531
1.0000004462
1.0000004394
1.0000004327
1.0000004261
1.0000004196
1.0000004132
1.0000004069
1.0000004008
1.0000003947
1.0000003887
1.0000003828
1.0000003770
1.0000003713
1.0000003657
1.0000003602
1.0000003548
1.0000003495
1.0000003442
1.0000003390
1.0000003340
1.0000003290
1.0000003240
1.0000003192
1.0000003144
1.0000003097
1.0000003051
1.0000003005
1.0000002961
1.0000002917
1.0000002873
1.0000002831
1.0000002789
1.0000002747
1.0000002707
1.0000002667
1.0000002627
1.0000002588
1.0000002550
1.0000002513
1.0000002476
1.0000002439
1.0000002403
1.0000002368
1.0000002333
1.0000002299
1.0000002265
1.0000002232
1.0000002200
1.0000002168
1.0000002136
1.0000002105
1.0000002074
1.0000002044
1.0000002014
1.0000001985
1.0000001956
1.0000001928
1.0000001900
1.0000001872
1.0000001845
1.0000001819
1.0000001792
1.0000001766
1.0000001741
1.0000001716
1.0000001691
1.0000001667
1.0000001643
1.0000001619
1.0000001596
1.0000001573
1.0000001551
1.0000001529
1.0000001507
1.0000001485
1.0000001464
1.0000001443
1.0000001423
1.0000001403
1.0000001383
1.0000001363
1.0000001344
1.0000001325
1.0000001306
1.0000001287
1.0000001269
1.0000001251
1.0000001234
1.0000001216
1.0000001199
1.0000001182
1.0000001166
1.0000001149
1.0000001133
1.0000001117
1.0000001102
1.0000001086
1.0000001071
1.0000001056
1.0000001041
1.0000001027
1.0000001012
1.0000000998
1.0000000984
1.0000000971
1.0000000957
1.0000000944
1.0000000931
1.0000000918
1.0000000905
1.0000000893
1.0000000880
1.0000000868
1.0000000856
1.0000000844
1.0000000833
1.0000000821
1.0000000810
1.0000000799
1.0000000788
1.0000000777
1.0000000766
1.0000000756
1.0000000746
1.0000000735
1.0000000725
1.0000000715
1.0000000706
1.0000000696
1.0000000687
1.0000000677
1.0000000668
1.0000000659
1.0000000650
1.0000000641
1.0000000633
1.0000000624
1.0000000616
1.0000000607
1.0000000599
1.0000000591
1.0000000583
1.0000000575
1.0000000567
1.0000000560
1.0000000552
1.0000000545
1.0000000537
1.0000000530
1.0000000523
1.0000000516
1.0000000509
1.0000000502
1.0000000496
1.0000000489
1.0000000483
1.0000000476
1.0000000470
1.0000000464
1.0000000457
1.0000000451
1.0000000445
1.0000000439
1.0000000434
1.0000000428
1.0000000422
1.0000000417
1.0000000411
1.0000000406
1.0000000400
1.0000000395
1.0000000390
1.0000000385
1.0000000380
1.0000000375
1.0000000370
1.0000000365
1.0000000360
1.0000000356
1.0000000351
1.0000000346
1.0000000342
1.0000000337
1.0000000333
1.0000000329
1.0000000324
1.0000000320
1.0000000316
1.0000000312
1.0000000308
1.0000000304
1.0000000300
1.0000000296
1.0000000292
1.0000000288
1.0000000285
1.0000000281
1.0000000277
1.0000000274
1.0000000270
1.0000000267
1.0000000263
1.0000000260
1.0000000257
1.0000000253
1.0000000250
1.0000000247
1.0000000244
1.0000000241
1.0000000238
1.0000000234
1.0000000231
1.0000000229
1.0000000226
1.0000000223
1.0000000220
1.0000000217
1.0000000214
1.0000000212
1.0000000209
1.0000000206
1.0000000204
1.0000000201
1.0000000199
1.0000000196
1.0000000194
1.0000000191
1.0000000189
1.0000000186
1.0000000184
1.0000000182
1.0000000179
1.0000000177
1.0000000175
1.0000000173
1.0000000171
1.0000000168
1.0000000166
1.0000000164
1.0000000162
1.0000000160
1.0000000158
1.0000000156
1.0000000154
1.0000000152
1.0000000150
1.0000000149
1.0000000147
1.0000000145
1.0000000143
1.0000000141
1.0000000140
1.0000000138
1.0000000136
1.0000000135
1.0000000133
1.0000000131
1.0000000130
1.0000000128
1.0000000126
1.0000000125
1.0000000123
1.0000000122
1.0000000120
1.0000000119
1.0000000117
1.0000000116
1.0000000115
1.0000000113
1.0000000112
1.0000000110
1.0000000109
1.0000000108
1.0000000106
1.0000000105
1.0000000104
1.0000000103
1.0000000101
1.0000000100
1.0000000099
1.0000000098
1.0000000096
1.0000000095
1.0000000094
1.0000000093
1.0000000092
1.0000000091
1.0000000090
1.0000000089
1.0000000088
1.0000000087
1.0000000085
1.0000000084
1.0000000083
1.0000000082
1.0000000081
1.0000000080
1.0000000079
1.0000000079
1.0000000078
1.0000000077
1.0000000076
1.0000000075
1.0000000074
1.0000000073
1.0000000072
1.0000000071
1.0000000071
1.0000000070
1.0000000069
1.0000000068
1.0000000067
1.0000000066
1.0000000066
1.0000000065
1.0000000064
1.0000000063
1.0000000063
1.0000000062
1.0000000061
1.0000000060
1.0000000060
1.0000000059
1.0000000058
1.0000000058
1.0000000057
1.0000000056
1.0000000056
1.0000000055
1.0000000054
1.0000000054
1.0000000053
1.0000000052
1.0000000052
1.0000000051
1.0000000051
1.0000000050
1.0000000049
1.0000000049
1.0000000048
1.0000000048
1.0000000047
1.0000000047
1.0000000046
1.0000000046
1.0000000045
1.0000000045
1.0000000044
1.0000000043
1.0000000043
1.0000000042
1.0000000042
1.0000000042
1.0000000041
1.0000000041
1.0000000040
1.0000000040
1.0000000039
1.0000000039
1.0000000038
1.0000000038
1.0000000037
1.0000000037
1.0000000037
1.0000000036
1.0000000036
1.0000000035
1.0000000035
1.0000000035
1.0000000034
1.0000000034
1.0000000033
1.0000000033
1.0000000033
1.0000000032
1.0000000032
1.0000000031
1.0000000031
1.0000000031
1.0000000030
1.0000000030
1.0000000030
1.0000000029
1.0000000029
1.0000000029
1.0000000028
1.0000000028
1.0000000028
1.0000000027
1.0000000027
1.0000000027
1.0000000027
1.0000000026
1.0000000026
1.0000000026
1.0000000025
1.0000000025
1.0000000025
1.0000000025
1.0000000024
1.0000000024
1.0000000024
1.0000000023
1.0000000023
1.0000000023
1.0000000023
1.0000000022
1.0000000022
1.0000000022
1.0000000022
1.0000000021
1.0000000021
1.0000000021
1.0000000021
1.0000000021
1.0000000020
1.0000000020
1.0000000020
1.0000000020
1.0000000019
1.0000000019
1.0000000019
1.0000000019
1.0000000019
1.0000000018
1.0000000018
1.0000000018
1.0000000018
1.0000000018
1.0000000017
1.0000000017
1.0000000017
1.0000000017
1.0000000017
1.0000000016
1.0000000016
1.0000000016
1.0000000016
1.0000000016
1.0000000016
1.0000000015
1.0000000015
1.0000000015
1.0000000015
1.0000000015
1.0000000015
1.0000000014
1.0000000014
1.0000000014
1.0000000014
1.0000000014
1.0000000014
1.0000000014
1.0000000013
1.0000000013
1.0000000013
1.0000000013
1.0000000013
1.0000000013
1.0000000013
1.0000000012
1.0000000012
1.0000000012
1.0000000012
1.0000000012
1.0000000012
1.0000000012
1.0000000011
1.0000000011
1.0000000011
1.0000000011
1.0000000011
1.0000000011
1.0000000011
1.0000000011
1.0000000011
1.0000000010
1.0000000010
1.0000000010
1.0000000010
1.0000000010
1.0000000010
1.0000000010
1.0000000010
1.0000000010
1.0000000009
1.0000000009
1.0000000009
1.0000000009
1.0000000009
1.0000000009
1.0000000009
1.0000000009
1.0000000009
1.0000000009
1.0000000009
1.0000000008
1.0000000008
1.0000000008
1.0000000008
1.0000000008
1.0000000008
1.0000000008
1.0000000008
1.0000000008
1.0000000008
1.0000000008
1.0000000008
1.0000000007
1.0000000007
1.0000000007
1.0000000007
1.0000000007
1.0000000007
1.0000000007
1.0000000007
1.0000000007
1.0000000007
1.0000000007
1.0000000007
1.0000000007
1.0000000006
1.0000000006
1.0000000006
1.0000000006
1.0000000006
1.0000000006
1.0000000006
1.0000000006
1.0000000006
1.0000000006
1.0000000006
1.0000000006
1.0000000006
1.0000000006
1.0000000006
1.0000000006
1.0000000005
1.0000000005
1.0000000005
1.0000000005
1.0000000005
1.0000000005
1.0000000005
1.0000000005
1.0000000005
1.0000000005
1.0000000005
1.0000000005
1.0000000005
1.0000000005
1.0000000005
1.0000000005
1.0000000005
1.0000000005
1.0000000005
1.0000000005
1.0000000004
1.0000000004
1.0000000004
1.0000000004
1.0000000004
1.0000000004
1.0000000004
1.0000000004
1.0000000004
1.0000000004
1.0000000004
1.0000000004
1.0000000004
1.0000000004
1.0000000004
1.0000000004
1.0000000004
1.0000000004
1.0000000004
1.0000000004
1.0000000004
1.0000000004
1.0000000004
1.0000000004
1.0000000004
1.0000000003
1.0000000003
1.0000000003
1.0000000003
1.0000000003
1.0000000003
1.0000000003
1.0000000003
1.0000000003
1.0000000003
1.0000000003
1.0000000003
1.0000000003
1.0000000003
1.0000000003
1.0000000003
1.0000000003
1.0000000003
1.0000000003
1.0000000003
1.0000000003
1.0000000003
1.0000000003
1.0000000003
1.0000000003
1.0000000003
1.0000000003
1.0000000003
1.0000000003
1.0000000003
1.0000000003
1.0000000003
1.0000000003
1.0000000003
1.0000000002
1.0000000002
1.0000000002
1.0000000002
1.0000000002
1.0000000002
1.0000000002
1.0000000002
1.0000000002
1.0000000002
1.0000000002
1.0000000002
1.0000000002
1.0000000002
1.0000000002
1.0000000002
1.0000000002
1.0000000002
1.0000000002
1.0000000002
1.0000000002
1.0000000002
1.0000000002
1.0000000002
1.0000000002
1.0000000002
1.0000000002
1.0000000002
1.0000000002
1.0000000002
1.0000000002
1.0000000002
1.0000000002
1.0000000002
1.0000000002
1.0000000002
1.0000000002
1.0000000002
1.0000000002
1.0000000002
1.0000000002
1.0000000002
1.0000000002
1.0000000002
1.0000000002
1.0000000002
1.0000000002
1.0000000002
1.0000000002
1.0000000002
1.0000000002
1.0000000002
1.0000000001
1.0000000001
1.0000000001
1.0000000001
1.0000000001
1.0000000001
1.0000000001
1.0000000001
1.0000000001
1.0000000001
1.0000000001
1.0000000001
1.0000000001
1.0000000001
1.0000000001
1.0000000001
1.0000000001
1.0000000001
1.0000000001
1.0000000001
1.0000000001
1.0000000001
1.0000000001
1.0000000001
1.0000000001
1.0000000001
1.0000000001
1.0000000001
1.0000000001
1.0000000001
1.0000000001
1.0000000001
1.0000000001
1.0000000001
1.0000000001
1.0000000001
1.0000000001
1.0000000001
1.0000000001
1.0000000001
0.9996757248
0.9991898055
0.9987044774
0.9982197395
0.9977355905
0.9972520293
0.9967690549
0.9962866659
0.9958048614
0.9953236402
0.9948430011
0.9943629430
0.9938834649
0.9934045655
0.9929262438
0.9924484986
0.9919713288
0.9914947334
0.9910187112
0.9905432611
0.9900683820
0.9895940728
0.9891203325
0.9886471599
0.9881745539
0.9877025136
0.9872310376
0.9867601251
0.9862897749
0.9858199860
0.9853507572
0.9848820875
0.9844139759
0.9839464212
0.9834794225
0.9830129786
0.9825470885
0.9820817512
0.9816169656
0.9811527306
0.9806890453
0.9802259085
0.9797633193
0.9793012766
0.9788397793
0.9783788265
0.9779184170
0.9774585500
0.9769992243
0.9765404390
0.9760821930
0.9756244853
0.9751673149
0.9747106808
0.9742545820
0.9737990175
0.9733439862
0.9728894873
0.9724355196
0.9719820822
0.9715291741
0.9710767943
0.9706249419
0.9701736158
0.9697228150
0.9692725387
0.9688227857
0.9683735552
0.9679248462
0.9674766576
0.9670289886
0.9665818382
0.9661352053
0.9656890891
0.9652434886
0.9647984028
0.9643538308
0.9639097717
0.9634662244
0.9630231881
0.9625806618
0.9621386446
0.9616971355
0.9612561336
0.9608156379
0.9603756476
0.9599361617
0.9594971793
0.9590586994
0.9586207212
0.9581832437
0.9577462660
0.9573097872
0.9568738064
0.9564383226
0.9560033350
0.9555688427
0.9551348447
0.9547013402
0.9542683282
0.9538358079
0.9534037784
0.9529722388
0.9525411881
0.9521106256
0.9516805503
0.9512509613
0.9508218578
0.9503932389
0.9499651036
0.9495374512
0.9491102808
0.9486835915
0.9482573824
0.9478316526
0.9474064014
0.9469816278
0.9465573309
0.9461335100
0.9457101642
0.9452872926
0.9448648944
0.9444429687
0.9440215146
0.9436005314
0.9431800182
0.9427599741
0.9423403984
0.9419212901
0.9415026485
0.9410844727
0.9406667619
0.9402495152
0.9398327319
0.9394164111
0.9390005519
0.9385851537
0.9381702155
0.9377557365
0.9373417160
0.9369281530
0.9365150469
0.9361023968
0.9356902019
0.9352784613
0.9348671744
0.9344563402
0.9340459580
0.9336360270
0.9332265465
0.9328175155
0.9324089334
0.9320007992
0.9315931124
0.9311858720
0.9307790772
0.9303727274
0.9299668217
0.9295613593
0.9291563396
0.9287517616
0.9283476246
0.9279439279
0.9275406707
0.9271378522
0.9267354717
0.9263335283
0.9259320214
0.9255309502
0.9251303140
0.9247301118
0.9243303431
0.9239310071
0.9235321030
0.9231336301
0.9227355876
0.9223379747
0.9219407908
0.9215440351
0.9211477069
0.9207518054
0.9203563299
0.9199612796
0.9195666538
0.9191724519
0.9187786730
0.9183853165
0.9179923815
0.9175998675
0.9172077736
0.9168160992
0.9164248435
0.9160340059
0.9156435855
0.9152535817
0.9148639938
0.9144748211
0.9140860628
0.9136977183
0.9133097869
0.9129222678
0.9125351603
0.9121484638
0.9117621775
0.9113763008
0.9109908329
0.9106057732
0.9102211210
0.9098368756
0.9094530363
0.9090696023
0.9086865731
0.9083039480
0.9079217262
0.9075399070
0.9071584899
0.9067774741
0.9063968589
0.9060166437
0.9056368279
0.9052574106
0.9048783913
0.9044997693
0.9041215439
0.9037437145
0.9033662804
0.9029892409
0.9026125954
0.9022363433
0.9018604837
0.9014850162
0.9011099401
0.9007352546
0.9003609592
0.8999870532
0.8996135359
0.8992404067
0.8988676650
0.8984953101
0.8981233414
0.8977517582
0.8973805599
0.8970097459
0.8966393155
0.8962692680
0.8958996030
0.8955303196
0.8951614173
0.8947928955
0.8944247535
0.8940569907
0.8936896065
0.8933226002
0.8929559713
0.8925897191
0.8922238430
0.8918583424
0.8914932166
0.8911284650
0.8907640871
0.8904000823
0.8900364498
0.8896731891
0.8893102996
0.8889477807
0.8885856318
0.8882238522
0.8878624414
0.8875013988
0.8871407238
0.8867804157
0.8864204740
0.8860608981
0.8857016873
0.8853428412
0.8849843590
0.8846262403
0.8842684843
0.8839110906
0.8835540586
0.8831973876
0.8828410770
0.8824851264
0.8821295351
0.8817743025
0.8814194280
0.8810649111
0.8807107512
0.8803569478
0.8800035001
0.8796504078
0.8792976701
0.8789452866
0.8785932567
0.8782415797
0.8778902552
0.8775392825
0.8771886612
0.8768383905
0.8764884701
0.8761388993
0.8757896775
0.8754408042
0.8750922789
0.8747441009
0.8743962698
0.8740487850
0.8737016459
0.8733548520
0.8730084027
0.8726622975
0.8723165358
0.8719711172
0.8716260409
0.8712813066
0.8709369137
0.8705928615
0.8702491496
0.8699057775
0.8695627446
0.8692200504
0.8688776943
0.8685356757
0.8681939943
0.8678526494
0.8675116405
0.8671709671
0.8668306286
0.8664906245
0.8661509544
0.8658116176
0.8654726137
0.8651339420
0.8647956022
0.8644575937
0.8641199159
0.8637825684
0.8634455507
0.8631088621
0.8627725022
0.8624364706
0.8621007665
0.8617653897
0.8614303395
0.8610956155
0.8607612171
0.8604271438
0.8600933952
0.8597599706
0.8594268697
0.8590940919
0.8587616367
0.8584295037
0.8580976922
0.8577662018
0.8574350321
0.8571041825
0.8567736525
0.8564434417
0.8561135494
0.8557839754
0.8554547190
0.8551257797
0.8547971571
0.8544688508
0.8541408601
0.8538131846
0.8534858239
0.8531587774
0.8528320447
0.8525056253
0.8521795186
0.8518537243
0.8515282419
0.8512030708
0.8508782106
0.8505536608
0.8502294210
0.8499054906
0.8495818692
0.8492585564
0.8489355516
0.8486128544
0.8482904643
0.8479683808
0.8476466035
0.8473251320
0.8470039657
0.8466831042
0.8463625470
0.8460422936
0.8457223437
0.8454026967
0.8450833522
0.8447643097
0.8444455688
0.8441271290
0.8438089898
0.8434911509
0.8431736117
0.8428563718
0.8425394307
0.8422227881
0.8419064434
0.8415903961
0.8412746460
0.8409591924
0.8406440350
0.8403291733
0.8400146069
0.8397003353
0.8393863580
0.8390726748
0.8387592850
0.8384461883
0.8381333842
0.8378208723
0.8375086521
0.8371967233
0.8368850853
0.8365737378
0.8362626803
0.8359519124
0.8356414336
0.8353312435
0.8350213417
0.8347117278
0.8344024013
0.8340933619
0.8337846090
0.8334761422
0.8331679612
0.8328600655
0.8325524547
0.8322451283
0.8319380860
0.8316313273
0.8313248518
0.8310186590
0.8307127487
0.8304071203
0.8301017734
0.8297967077
0.8294919226
0.8291874179
0.8288831930
0.8285792476
0.8282755812
0.8279721935
0.8276690840
0.8273662524
0.8270636982
0.8267614210
0.8264594204
0.8261576960
0.8258562474
0.8255550742
0.8252541760
0.8249535524
0.8246532030
0.8243531273
0.8240533251
0.8237537959
0.8234545392
0.8231555548
0.8228568421
0.8225584009
0.8222602307
0.8219623311
0.8216647017
0.8213673422
0.8210702521
0.8207734310
0.8204768786
0.8201805945
0.8198845783
0.8195888296
0.8192933480
0.8189981331
0.8187031845
0.8184085019
0.8181140849
0.8178199330
0.8175260460
0.8172324234
0.8169390648
0.8166459699
0.8163531383
0.8160605696
0.8157682634
0.8154762194
0.8151844371
0.8148929163
0.8146016565
0.8143106573
0.8140199184
0.8137294394
0.8134392199
0.8131492597
0.8128595582
0.8125701151
0.8122809301
0.8119920027
0.8117033327
0.8114149196
0.8111267632
0.8108388629
0.8105512185
0.8102638296
0.8099766958
0.8096898168
0.8094031922
0.8091168217
0.8088307048
0.8085448413
0.8082592307
0.8079738727
0.8076887670
0.8074039132
0.8071193109
0.8068349598
0.8065508595
0.8062670097
0.8059834100
0.8057000601
0.8054169596
0.8051341082
0.8048515054
0.8045691511
0.8042870447
0.8040051861
0.8037235747
0.8034422103
0.8031610925
0.8028802211
0.8025995955
0.8023192156
0.8020390808
0.8017591910
0.8014795458
0.8012001447
0.8009209876
0.8006420739
0.8003634035
0.8000849759
0.7998067909
0.7995288480
0.7992511470
0.7989736875
0.7986964691
0.7984194916
0.7981427546
0.7978662577
0.7975900007
0.7973139831
0.7970382048
0.7967626653
0.7964873642
0.7962123014
0.7959374764
0.7956628889
0.7953885386
0.7951144252
0.7948405483
0.7945669076
0.7942935027
0.7940203335
0.7937473994
0.7934747003
0.7932022357
0.7929300054
0.7926580091
0.7923862464
0.7921147169
0.7918434204
0.7915723566
0.7913015251
0.7910309257
0.7907605579
0.7904904215
0.7902205162
0.7899508416
0.7896813974
0.7894121834
0.7891431992
0.7888744444
0.7886059189
0.7883376222
0.7880695540
0.7878017141
0.7875341021
0.7872667178
0.7869995607
0.7867326306
0.7864659273
0.7861994503
0.7859331994
0.7856671742
0.7854013745
0.7851358000
0.7848704503
0.7846053252
0.7843404243
0.7840757473
0.7838112940
0.7835470640
0.7832830571
0.7830192729
0.7827557111
0.7824923714
0.7822292536
0.7819663573
0.7817036822
0.7814412281
0.7811789946
0.7809169814
0.7806551883
0.7803936149
0.7801322610
0.7798711263
0.7796102104
0.7793495131
0.7790890340
0.7788287730
0.7785687296
0.7783089037
0.7780492948
0.7777899028
0.7775307273
0.7772717681
0.7770130248
0.7767544972
0.7764961849
0.7762380878
0.7759802054
0.7757225376
0.7754650840
0.7752078443
0.7749508183
0.7746940057
0.7744374062
0.7741810195
0.7739248454
0.7736688834
0.7734131335
0.7731575952
0.7729022684
0.7726471526
0.7723922477
0.7721375534
0.7718830694
0.7716287954
0.7713747311
0.7711208763
0.7708672307
0.7706137939
0.7703605658
0.7701075461
0.7698547344
0.7696021306
0.7693497342
0.7690975452
0.7688455631
0.7685937877
0.7683422188
0.7680908561
0.7678396993
0.7675887481
0.7673380023
0.7670874615
0.7668371256
0.7665869943
0.7663370673
0.7660873442
0.7658378250
0.7655885092
0.7653393967
0.7650904871
0.7648417802
0.7645932758
0.7643449735
0.7640968731
0.7638489744
0.7636012771
0.7633537809
0.7631064855
0.7628593907
0.7626124963
0.7623658020
0.7621193075
0.7618730125
0.7616269168
0.7613810202
0.7611353224
0.7608898231
0.7606445221
0.7603994190
0.7601545138
0.7599098060
0.7596652955
0.7594209820
0.7591768653
0.7589329450
0.7586892209
0.7584456929
0.7582023606
0.7579592237
0.7577162821
0.7574735354
0.7572309835
0.7569886261
0.7567464629
0.7565044936
0.7562627181
0.7560211361
0.7557797473
0.7555385515
0.7552975484
0.7550567378
0.7548161195
0.7545756932
0.7543354586
0.7540954155
0.7538555637
0.7536159030
0.7533764330
0.7531371535
0.7528980644
0.7526591652
0.7524204559
0.7521819362
0.7519436058
0.7517054645
0.7514675120
0.7512297482
0.7509921727
0.7507547853
0.7505175858
0.7502805740
0.7500437496
0.7498071124
0.7495706621
0.7493343985
0.7490983214
0.7488624305
0.7486267257
0.7483912066
0.7481558730
0.7479207247
0.7476857615
0.7474509831
0.7472163893
0.7469819799
0.7467477546
0.7465137132
0.7462798555
0.7460461812
0.7458126901
0.7455793820
0.7453462567
0.7451133139
0.7448805533
0.7446479749
0.7444155783
0.7441833633
0.7439513296
0.7437194771
0.7434878056
0.7432563148
0.7430250044
0.7427938743
0.7425629242
0.7423321539
0.7421015632
0.7418711519
0.7416409197
0.7414108664
0.7411809918
0.7409512956
0.7407217777
0.7404924378
0.7402632757
0.7400342912
0.7398054841
0.7395768541
0.7393484010
0.7391201247
0.7388920248
0.7386641011
0.7384363536
0.7382087818
0.7379813857
0.7377541649
0.7375271194
0.7373002488
0.7370735529
0.7368470316
0.7366206846
0.7363945117
0.7361685127
0.7359426874
0.7357170355
0.7354915569
0.7352662513
0.7350411185
0.7348161584
0.7345913706
0.7343667550
0.7341423114
0.7339180396
0.7336939393
0.7334700104
0.7332462526
0.7330226657
0.7327992496
0.7325760039
0.7323529286
0.7321300233
0.7319072880
0.7316847223
0.7314623261
0.7312400991
0.7310180412
0.7307961522
0.7305744318
0.7303528798
0.7301314961
0.7299102804
0.7296892326
0.7294683524
0.7292476395
0.7290270940
0.7288067154
0.7285865036
0.7283664585
0.7281465797
0.7279268672
0.7277073207
0.7274879400
0.7272687249
0.7270496752
0.7268307907
0.7266120712
0.7263935165
0.7261751264
0.7259569008
0.7257388393
0.7255209419
0.7253032083
0.7250856383
0.7248682317
0.7246509884
0.7244339081
0.7242169906
0.7240002357
0.7237836434
0.7235672132
0.7233509451
0.7231348389
0.7229188944
0.7227031113
0.7224874895
0.7222720288
0.7220567290
0.7218415899
0.7216266113
0.7214117930
0.7211971348
0.7209826366
0.7207682982
0.7205541192
0.7203400997
0.7201262393
0.7199125380
0.7196989954
0.7194856114
0.7192723859
0.7190593186
0.7188464093
0.7186336579
0.7184210641
0.7182086279
0.7179963489
0.7177842271
0.7175722621
0.7173604539
0.7171488023
0.7169373070
0.7167259679
0.7165147848
0.7163037576
0.7160928859
0.7158821697
0.7156716088
0.7154612029
0.7152509520
0.7150408557
0.7148309140
0.7146211266
0.7144114935
0.7142020143
0.7139926889
0.7137835171
0.7135744988
0.7133656337
0.7131569217
0.7129483626
0.7127399563
0.7125317025
0.7123236011
0.7121156519
0.7119078546
0.7117002092
0.7114927155
0.7112853733
0.7110781823
0.7108711425
0.7106642536
0.7104575155
0.7102509281
0.7100444910
0.7098382042
0.7096320674
0.7094260805
0.7092202434
0.7090145558
0.7088090176
0.7086036286
0.7083983886
0.7081932975
0.7079883551
0.7077835612
0.7075789156
0.7073744181
0.7071700687
0.7069658671
0.7067618132
0.7065579067
0.7063541475
0.7061505355
0.7059470705
0.7057437522
0.7055405806
0.7053375554
0.7051346766
0.7049319438
0.7047293570
0.7045269160
0.7043246207
0.7041224707
0.7039204661
0.7037186066
0.7035168920
0.7033153222
0.7031138970
0.7029126163
0.7027114799
0.7025104876
0.7023096392
0.7021089347
0.7019083737
0.7017079563
0.7015076821
0.7013075510
0.7011075630
0.7009077177
0.7007080151
0.7005084549
0.7003090371
0.7001097614
0.6999106277
0.6997116359
0.6995127857
0.6993140770
0.6991155097
0.6989170836
0.6987187985
0.6985206542
0.6983226507
0.6981247877
0.6979270651
0.6977294827
0.6975320404
0.6973347379
0.6971375753
0.6969405522
0.6967436686
0.6965469242
0.6963503189
0.6961538527
0.6959575252
0.6957613363
0.6955652860
0.6953693740
0.6951736001
0.6949779643
0.6947824663
0.6945871061
0.6943918834
0.6941967981
0.6940018501
0.6938070391
0.6936123651
0.6934178278
0.6932234272
0.6930291631
0.6928350352
0.6926410436
0.6924471880
0.6922534682
0.6920598841
0.6918664356
0.6916731225
0.6914799447
0.6912869019
0.6910939941
0.6909012211
0.6907085828
0.6905160790
0.6903237095
0.6901314742
0.6899393729
0.6897474056
0.6895555720
0.6893638720
0.6891723055
0.6889808722
0.6887895722
0.6885984051
0.6884073709
0.6882164694
0.6880257004
0.6878350639
0.6876445597
0.6874541875
0.6872639474
0.6870738391
0.6868838624
0.6866940173
0.6865043036
0.6863147212
0.6861252698
0.6859359494
0.6857467598
0.6855577009
0.6853687725
0.6851799744
0.6849913066
0.6848027689
0.6846143612
0.6844260832
0.6842379349
0.6840499162
0.6838620268
0.6836742666
0.6834866355
0.6832991334
0.6831117601
0.6829245154
0.6827373993
0.6825504115
0.6823635520
0.6821768206
0.6819902171
0.6818037415
0.6816173935
0.6814311731
0.6812450801
0.6810591144
0.6808732757
0.6806875641
0.6805019793
0.6803165212
0.6801311896
0.6799459845
0.6797609057
0.6795759530
0.6793911264
0.6792064256
0.6790218506
0.6788374012
0.6786530772
0.6784688786
0.6782848051
0.6781008567
0.6779170333
0.6777333346
0.6775497606
0.6773663111
0.6771829859
0.6769997850
0.6768167083
0.6766337554
0.6764509265
0.6762682212
0.6760856395
0.6759031813
0.6757208464
0.6755386346
0.6753565459
0.6751745800
0.6749927370
0.6748110166
0.6746294187
0.6744479432
0.6742665899
0.6740853587
0.6739042495
0.6737232622
0.6735423966
0.6733616526
0.6731810300
0.6730005287
0.6728201487
0.6726398897
0.6724597517
0.6722797344
0.6720998378
0.6719200618
0.6717404062
0.6715608709
0.6713814557
0.6712021606
0.6710229854
0.6708439299
0.6706649941
0.6704861779
0.6703074810
0.6701289033
0.6699504448
0.6697721053
0.6695938847
0.6694157829
0.6692377996
0.6690599349
0.6688821886
0.6687045604
0.6685270505
0.6683496585
0.6681723844
0.6679952280
0.6678181893
0.6676412680
0.6674644641
0.6672877775
0.6671112080
0.6669347555
0.6667584198
0.6665822010
0.6664060987
0.6662301129
0.6660542436
0.6658784904
0.6657028535
0.6655273325
0.6653519274
0.6651766381
0.6650014644
0.6648264062
0.6646514635
0.6644766360
0.6643019237
0.6641273264
0.6639528440
0.6637784764
0.6636042235
0.6634300852
0.6632560612
0.6630821516
0.6629083562
0.6627346748
0.6625611074
0.6623876538
0.6622143140
0.6620410877
0.6618679749
0.6616949754
0.6615220892
0.6613493161
0.6611766560
0.6610041088
0.6608316744
0.6606593525
0.6604871433
0.6603150464
0.6601430618
0.6599711894
0.6597994290
0.6596277806
0.6594562440
0.6592848191
0.6591135058
0.6589423040
0.6587712135
0.6586002343
0.6584293662
0.6582586091
0.6580879629
0.6579174275
0.6577470028
0.6575766886
0.6574064848
0.6572363914
0.6570664081
0.6568965350
0.6567267718
0.6565571185
0.6563875750
0.6562181410
0.6560488166
0.6558796017
0.6557104960
0.6555414995
0.6553726120
0.6552038336
0.6550351639
0.6548666030
0.6546981508
0.6545298070
0.6543615716
0.6541934446
0.6540254256
0.6538575148
0.6536897119
0.6535220169
0.6533544295
0.6531869498
0.6530195776
0.6528523128
0.6526851553
0.6525181050
0.6523511617
0.6521843254
0.6520175959
0.6518509732
0.6516844571
0.6515180476
0.6513517444
0.6511855475
0.6510194569
0.6508534723
0.6506875937
0.6505218209
0.6503561540
0.6501905926
0.6500251369
0.6498597865
0.6496945415
0.6495294017
0.6493643670
0.6491994373
0.6490346126
0.6488698926
0.6487052773
0.6485407666
0.6483763603
0.6482120585
0.6480478609
0.6478837674
0.6477197780
0.6475558926
0.6473921109
0.6472284331
0.6470648588
0.6469013881
0.6467380208
0.6465747568
0.6464115960
0.6462485383
0.6460855836
0.6459227318
0.6457599828
0.6455973365
0.6454347928
0.6452723516
0.6451100127
0.6449477762
0.6447856418
0.6446236094
0.6444616790
0.6442998505
0.6441381238
0.6439764987
0.6438149752
0.6436535531
0.6434922324
0.6433310129
0.6431698946
0.6430088773
0.6428479610
0.6426871455
0.6425264307
0.6423658166
0.6422053031
0.6420448900
0.6418845772
0.6417243647
0.6415642523
0.6414042399
0.6412443275
0.6410845149
0.6409248021
0.6407651889
0.6406056752
0.6404462610
0.6402869461
0.6401277305
0.6399686140
0.6398095966
0.6396506781
0.6394918585
0.6393331376
0.6391745153
0.6390159916
0.6388575664
0.6386992395
0.6385410109
0.6383828805
0.6382248481
0.6380669137
0.6379090771
0.6377513383
0.6375936972
0.6374361537
0.6372787077
0.6371213590
0.6369641077
0.6368069535
0.6366498964
0.6364929364
0.6363360732
0.6361793069
0.6360226372
0.6358660642
0.6357095877
0.6355532076
0.6353969239
0.6352407364
0.6350846451
0.6349286498
0.6347727504
0.6346169469
0.6344612392
0.6343056272
0.6341501107
0.6339946897
0.6338393641
0.6336841338
0.6335289987
0.6333739587
0.6332190138
0.6330641637
0.6329094085
0.6327547480
0.6326001821
0.6324457109
0.6322913340
0.6321370516
0.6319828634
0.6318287693
0.6316747694
0.6315208635
0.6313670515
0.6312133333
0.6310597088
0.6309061779
0.6307527406
0.6305993967
0.6304461462
0.6302929890
0.6301399249
0.6299869539
0.6298340760
0.6296812909
0.6295285986
0.6293759991
0.6292234921
0.6290710778
0.6289187559
0.6287665263
0.6286143890
0.6284623439
0.6283103909
0.6281585299
0.6280067609
0.6278550836
0.6277034981
0.6275520042
0.6274006019
0.6272492911
0.6270980717
0.6269469435
0.6267959066
0.6266449608
0.6264941060
0.6263433421
0.6261926691
0.6260420869
0.6258915954
0.6257411944
0.6255908840
0.6254406640
0.6252905343
0.6251404948
0.6249905455
0.6248406863
0.6246909171
0.6245412378
0.6243916483
0.6242421485
0.6240927383
0.6239434177
0.6237941866
0.6236450448
0.6234959924
0.6233470292
0.6231981550
0.6230493700
0.6229006738
0.6227520666
0.6226035481
0.6224551184
0.6223067772
0.6221585246
0.6220103604
0.6218622846
0.6217142971
0.6215663977
0.6214185865
0.6212708633
0.6211232280
0.6209756806
0.6208282210
0.6206808490
0.6205335647
0.6203863679
0.6202392585
0.6200922365
0.6199453018
0.6197984542
0.6196516938
0.6195050203
0.6193584339
0.6192119342
0.6190655214
0.6189191953
0.6187729557
0.6186268027
0.6184807362
0.6183347560
0.6181888621
0.6180430544
0.6178973329
0.6177516973
0.6176061478
0.6174606841
0.6173153062
0.6171700140
0.6170248075
0.6168796865
0.6167346510
0.6165897009
0.6164448361
0.6163000565
0.6161553621
0.6160107528
0.6158662285
0.6157217890
0.6155774344
0.6154331646
0.6152889794
0.6151448788
0.6150008628
0.6148569312
0.6147130839
0.6145693209
0.6144256421
0.6142820474
0.6141385368
0.6139951101
0.6138517673
0.6137085083
0.6135653331
0.6134222415
0.6132792334
0.6131363089
0.6129934678
0.6128507100
0.6127080354
0.6125654440
0.6124229358
0.6122805106
0.6121381683
0.6119959089
0.6118537322
0.6117116383
0.6115696271
0.6114276984
0.6112858521
0.6111440883
0.6110024068
0.6108608076
0.6107192906
0.6105778556
0.6104365027
0.6102952317
0.6101540427
0.6100129354
0.6098719098
0.6097309659
0.6095901035
0.6094493227
0.6093086232
0.6091680051
0.6090274683
0.6088870127
0.6087466382
0.6086063447
0.6084661322
0.6083260006
0.6081859498
0.6080459798
0.6079060904
0.6077662817
0.6076265534
0.6074869056
0.6073473382
0.6072078511
0.6070684442
0.6069291174
0.6067898708
0.6066507041
0.6065116174
0.6063726105
0.6062336834
0.6060948360
0.6059560683
0.6058173801
0.6056787714
0.6055402422
0.6054017923
0.6052634216
0.6051251302
0.6049869179
0.6048487846
0.6047107303
0.6045727549
0.6044348584
0.6042970407
0.6041593016
0.6040216411
0.6038840593
0.6037465558
0.6036091308
0.6034717842
0.6033345158
0.6031973255
0.6030602135
0.6029231794
0.6027862234
0.6026493452
0.6025125449
0.6023758224
0.6022391775
0.6021026103
0.6019661206
0.6018297084
0.6016933736
0.6015571162
0.6014209361
0.6012848331
0.6011488073
0.6010128585
0.6008769868
0.6007411920
0.6006054740
0.6004698328
0.6003342683
0.6001987805
0.6000633692
0.5999280344
0.5997927761
0.5996575942
0.5995224885
0.5993874591
0.5992525059
0.5991176287
0.5989828276
0.5988481024
0.5987134531
0.5985788796
0.5984443819
0.5983099598
0.5981756134
0.5980413425
0.5979071471
0.5977730271
0.5976389825
0.5975050131
0.5973711189
0.5972372999
0.5971035560
0.5969698870
0.5968362930
0.5967027738
0.5965693295
0.5964359599
0.5963026650
0.5961694446
0.5960362988
0.5959032275
0.5957702306
0.5956373080
0.5955044597
0.5953716855
0.5952389855
0.5951063596
0.5949738077
0.5948413297
0.5947089256
0.5945765953
0.5944443388
0.5943121559
0.5941800466
0.5940480109
0.5939160487
0.5937841598
0.5936523443
0.5935206021
0.5933889331
0.5932573373
0.5931258145
0.5929943648
0.5928629880
0.5927316841
0.5926004530
0.5924692947
0.5923382091
0.5922071961
0.5920762557
0.5919453878
0.5918145924
0.5916838693
0.5915532185
0.5914226400
0.5912921336
0.5911616994
0.5910313372
0.5909010471
0.5907708288
0.5906406824
0.5905106079
0.5903806050
0.5902506738
0.5901208143
0.5899910263
0.5898613098
0.5897316647
0.5896020909
0.5894725885
0.5893431573
0.5892137972
0.5890845083
0.5889552904
0.5888261435
0.5886970676
0.5885680625
0.5884391281
0.5883102645
0.5881814716
0.5880527493
0.5879240976
0.5877955163
0.5876670055
0.5875385650
0.5874101948
0.5872818949
0.5871536651
0.5870255055
0.5868974159
0.5867693963
0.5866414466
0.5865135668
0.5863857568
0.5862580166
0.5861303461
0.5860027451
0.5858752138
0.5857477520
0.5856203596
0.5854930366
0.5853657829
0.5852385985
0.5851114832
0.5849844372
0.5848574602
0.5847305522
0.5846037132
0.5844769431
0.5843502419
0.5842236094
0.5840970457
0.5839705506
0.5838441241
0.5837177662
0.5835914767
0.5834652557
0.5833391031
0.5832130187
0.5830870026
0.5829610547
0.5828351749
0.5827093632
0.5825836196
0.5824579438
0.5823323360
0.5822067960
0.5820813237
0.5819559192
0.5818305824
0.5817053131
0.5815801114
0.5814549772
0.5813299104
0.5812049110
0.5810799789
0.5809551140
0.5808303164
0.5807055859
0.5805809224
0.5804563260
0.5803317965
0.5802073340
0.5800829383
0.5799586094
0.5798343472
0.5797101517
0.5795860228
0.5794619605
0.5793379647
0.5792140353
0.5790901723
0.5789663757
0.5788426453
0.5787189812
0.5785953832
0.5784718513
0.5783483855
0.5782249857
0.5781016518
0.5779783838
0.5778551816
0.5777320452
0.5776089745
0.5774859694
0.5773630300
0.5772401561
0.5771173477
0.5769946047
0.5768719271
0.5767493148
0.5766267678
0.5765042860
0.5763818694
0.5762595178
0.5761372313
0.5760150098
0.5758928532
0.5757707615
0.5756487346
0.5755267725
0.5754048751
0.5752830423
0.5751612742
0.5750395706
0.5749179315
0.5747963568
0.5746748465
0.5745534005
0.5744320189
0.5743107014
0.5741894481
0.5740682589
0.5739471338
0.5738260727
0.5737050755
0.5735841422
0.5734632728
0.5733424671
0.5732217252
0.5731010470
0.5729804324
0.5728598813
0.5727393938
0.5726189697
0.5724986091
0.5723783118
0.5722580778
0.5721379071
0.5720177995
0.5718977551
0.5717777738
0.5716578556
0.5715380003
0.5714182080
0.5712984785
0.5711788119
0.5710592080
0.5709396669
0.5708201884
0.5707007725
0.5705814192
0.5704621284
0.5703429001
0.5702237342
0.5701046306
0.5699855894
0.5698666104
0.5697476935
0.5696288389
0.5695100463
0.5693913158
0.5692726472
0.5691540406
0.5690354959
0.5689170130
0.5687985919
0.5686802325
0.5685619349
0.5684436988
0.5683255243
0.5682074114
0.5680893599
0.5679713698
0.5678534411
0.5677355738
0.5676177677
0.5675000228
0.5673823391
0.5672647165
0.5671471550
0.5670296544
0.5669122149
0.5667948363
0.5666775185
0.5665602616
0.5664430654
0.5663259299
0.5662088551
0.5660918409
0.5659748872
0.5658579941
0.5657411614
0.5656243892
0.5655076773
0.5653910257
0.5652744344
0.5651579033
0.5650414323
0.5649250215
0.5648086707
0.5646923800
0.5645761492
0.5644599783
0.5643438673
0.5642278161
0.5641118247
0.5639958929
0.5638800209
0.5637642085
0.5636484556
0.5635327623
0.5634171284
0.5633015539
0.5631860389
0.5630705831
0.5629551866
0.5628398494
0.5627245713
0.5626093524
0.5624941925
0.5623790917
0.5622640499
0.5621490670
0.5620341430
0.5619192778
0.5618044714
0.5616897238
0.5615750348
0.5614604045
0.5613458328
0.5612313197
0.5611168651
0.5610024689
0.5608881311
0.5607738517
0.5606596306
0.5605454677
0.5604313631
0.5603173166
0.5602033283
0.5600893980
0.5599755258
0.5598617116
0.5597479552
0.5596342568
0.5595206162
0.5594070334
0.5592935084
0.5591800410
0.5590666313
0.5589532792
0.5588399846
0.5587267476
0.5586135680
0.5585004459
0.5583873811
0.5582743736
0.5581614234
0.5580485305
0.5579356947
0.5578229160
0.5577101945
0.5575975300
0.5574849225
0.5573723719
0.5572598783
0.5571474415
0.5570350616
0.5569227384
0.5568104719
0.5566982621
0.5565861089
0.5564740123
0.5563619723
0.5562499888
0.5561380617
0.5560261910
0.5559143766
0.5558026186
0.5556909168
0.5555792713
0.5554676819
0.5553561487
0.5552446716
0.5551332505
0.5550218854
0.5549105762
0.5547993230
0.5546881256
0.5545769840
0.5544658982
0.5543548681
0.5542438937
0.5541329749
0.5540221118
0.5539113042
0.5538005520
0.5536898554
0.5535792141
0.5534686282
0.5533580977
0.5532476224
0.5531372024
0.5530268375
0.5529165279
0.5528062733
0.5526960737
0.5525859292
0.5524758397
0.5523658051
0.5522558253
0.5521459005
0.5520360304
0.5519262150
0.5518164544
0.5517067484
0.5515970971
0.5514875003
0.5513779581
0.5512684704
0.5511590371
0.5510496582
0.5509403337
0.5508310635
0.5507218476
0.5506126859
0.5505035784
0.5503945250
0.5502855257
0.5501765805
0.5500676894
0.5499588522
0.5498500689
0.5497413395
0.5496326640
0.5495240422
0.5494154743
0.5493069600
0.5491984994
0.5490900925
0.5489817391
0.5488734393
0.5487651930
0.5486570002
0.5485488608
0.5484407747
0.5483327420
0.5482247626
0.5481168365
0.5480089636
0.5479011438
0.5477933771
0.5476856636
0.5475780031
0.5474703955
0.5473628410
0.5472553393
0.5471478906
0.5470404947
0.5469331515
0.5468258611
0.5467186235
0.5466114385
0.5465043061
0.5463972263
0.5462901991
0.5461832243
0.5460763020
0.5459694322
0.5458626147
0.5457558495
0.5456491367
0.5455424761
0.5454358677
0.5453293115
0.5452228075
0.5451163555
0.5450099556
0.5449036077
0.5447973117
0.5446910677
0.5445848756
0.5444787354
0.5443726469
0.5442666102
0.5441606252
0.5440546920
0.5439488103
0.5438429803
0.5437372019
0.5436314749
0.5435257995
0.5434201755
0.5433146029
0.5432090817
0.5431036118
0.5429981931
0.5428928258
0.5427875096
0.5426822446
0.5425770307
0.5424718680
0.5423667562
0.5422616955
0.5421566857
0.5420517269
0.5419468189
0.5418419619
0.5417371556
0.5416324000
0.5415276953
0.5414230412
0.5413184377
0.5412138849
0.5411093826
0.5410049309
0.5409005297
0.5407961789
0.5406918786
0.5405876286
0.5404834290
0.5403792796
0.5402751806
0.5401711317
0.5400671331
0.5399631845
0.5398592861
0.5397554378
0.5396516395
0.5395478912
0.5394441928
0.5393405443
0.5392369458
0.5391333970
0.5390298981
0.5389264489
0.5388230494
0.5387196996
0.5386163995
0.5385131490
0.5384099480
0.5383067966
0.5382036947
0.5381006422
0.5379976391
0.5378946855
0.5377917811
0.5376889261
0.5375861203
0.5374833638
0.5373806564
0.5372779982
0.5371753892
0.5370728292
0.5369703182
0.5368678562
0.5367654432
0.5366630792
0.5365607640
0.5364584977
0.5363562801
0.5362541114
0.5361519914
0.5360499201
0.5359478975
0.5358459235
0.5357439981
0.5356421213
0.5355402929
0.5354385131
0.5353367817
0.5352350987
0.5351334641
0.5350318778
0.5349303398
0.5348288500
0.5347274085
0.5346260152
0.5345246700
0.5344233729
0.5343221240
0.5342209230
0.5341197701
0.5340186651
0.5339176081
0.5338165989
0.5337156376
0.5336147241
0.5335138585
0.5334130405
0.5333122703
0.5332115478
0.5331108729
0.5330102456
0.5329096658
0.5328091336
0.5327086489
0.5326082117
0.5325078219
0.5324074795
0.5323071844
0.5322069367
0.5321067362
0.5320065830
0.5319064770
0.5318064181
0.5317064064
0.5316064418
0.5315065243
0.5314066538
0.5313068303
0.5312070538
0.5311073242
0.5310076415
0.5309080056
0.5308084166
0.5307088744
0.5306093789
0.5305099301
0.5304105280
0.5303111725
0.5302118637
0.5301126014
0.5300133857
0.5299142165
0.5298150937
0.5297160174
0.5296169875
0.5295180039
0.5294190667
0.5293201758
0.5292213311
0.5291225327
0.5290237804
0.5289250744
0.5288264144
0.5287278005
0.5286292327
0.5285307109
0.5284322351
0.5283338053
0.5282354213
0.5281370833
0.5280387911
0.5279405447
0.5278423441
0.5277441892
0.5276460800
0.5275480166
0.5274499987
0.5273520265
0.5272540999
0.5271562188
0.5270583832
0.5269605930
0.5268628484
0.5267651491
0.5266674952
0.5265698866
0.5264723234
0.5263748054
0.5262773326
0.5261799051
0.5260825227
0.5259851855
0.5258878934
0.5257906463
0.5256934443
0.5255962873
0.5254991752
0.5254021081
0.5253050859
0.5252081086
0.5251111761
0.5250142884
0.5249174455
0.5248206473
0.5247238938
0.5246271850
0.5245305209
0.5244339013
0.5243373263
0.5242407959
0.5241443099
0.5240478685
0.5239514715
0.5238551188
0.5237588106
0.5236625467
0.5235663271
0.5234701518
0.5233740208
0.5232779339
0.5231818913
0.5230858927
0.5229899383
0.5228940280
0.5227981617
0.5227023395
0.5226065612
0.5225108269
0.5224151365
0.5223194900
0.5222238874
0.5221283286
0.5220328135
0.5219373423
0.5218419147
0.5217465309
0.5216511907
0.5215558941
0.5214606412
0.5213654318
0.5212702660
0.5211751436
0.5210800648
0.5209850294
0.5208900373
0.5207950887
0.5207001834
0.5206053214
0.5205105027
0.5204157273
0.5203209951
0.5202263060
0.5201316601
0.5200370574
0.5199424977
0.5198479811
0.5197535075
0.5196590770
0.5195646894
0.5194703447
0.5193760429
0.5192817841
0.5191875680
0.5190933948
0.5189992643
0.5189051766
0.5188111316
0.5187171293
0.5186231697
0.5185292527
0.5184353782
0.5183415464
0.5182477571
0.5181540102
0.5180603059
0.5179666440
0.5178730245
0.5177794473
0.5176859126
0.5175924201
0.5174989699
0.5174055620
0.5173121963
0.5172188728
0.5171255915
0.5170323523
0.5169391552
0.5168460002
0.5167528872
0.5166598162
0.5165667872
0.5164738002
0.5163808551
0.5162879518
0.5161950905
0.5161022709
0.5160094932
0.5159167573
0.5158240630
0.5157314105
0.5156387997
0.5155462305
0.5154537029
0.5153612170
0.5152687726
0.5151763697
0.5150840083
0.5149916884
0.5148994099
0.5148071729
0.5147149772
0.5146228229
0.5145307099
0.5144386382
0.5143466077
0.5142546185
0.5141626705
0.5140707637
0.5139788980
0.5138870734
0.5137952899
0.5137035475
0.5136118461
0.5135201857
0.5134285662
0.5133369877
0.5132454501
0.5131539534
0.5130624975
0.5129710825
0.5128797082
0.5127883748
0.5126970820
0.5126058300
0.5125146186
0.5124234479
0.5123323178
0.5122412283
0.5121501793
0.5120591709
0.5119682030
0.5118772755
0.5117863885
0.5116955419
0.5116047357
0.5115139699
0.5114232444
0.5113325592
0.5112419143
0.5111513096
0.5110607451
0.5109702208
0.5108797367
0.5107892927
0.5106988888
0.5106085250
0.5105182012
0.5104279174
0.5103376736
0.5102474698
0.5101573059
0.5100671820
0.5099770978
0.5098870536
0.5097970491
0.5097070845
0.5096171596
0.5095272744
0.5094374290
0.5093476232
0.5092578571
0.5091681306
0.5090784437
0.5089887963
0.5088991885
0.5088096202
0.5087200914
0.5086306020
0.5085411521
0.5084517415
0.5083623704
0.5082730385
0.5081837460
0.5080944928
0.5080052788
0.5079161041
0.5078269686
0.5077378722
0.5076488150
0.5075597969
0.5074708179
0.5073818780
0.5072929771
0.5072041153
0.5071152924
0.5070265085
0.5069377635
0.5068490574
0.5067603901
0.5066717618
0.5065831722
0.5064946215
0.5064061095
0.5063176362
0.5062292017
0.5061408058
0.5060524486
0.5059641300
0.5058758501
0.5057876087
0.5056994059
0.5056112415
0.5055231157
0.5054350284
0.5053469795
0.5052589690
0.5051709969
0.5050830631
0.5049951677
0.5049073106
0.5048194918
0.5047317112
0.5046439689
0.5045562647
0.5044685988
0.5043809710
0.5042933813
0.5042058297
0.5041183161
0.5040308407
0.5039434032
0.5038560037
0.5037686422
0.5036813186
0.5035940329
0.5035067851
0.5034195752
0.5033324031
0.5032452688
0.5031581723
0.5030711135
0.5029840925
0.5028971091
0.5028101635
0.5027232555
0.5026363851
0.5025495523
0.5024627570
0.5023759993
0.5022892792
0.5022025965
0.5021159513
0.5020293435
0.5019427731
0.5018562401
0.5017697445
0.5016832863
0.5015968653
0.5015104816
0.5014241352
0.5013378260
0.5012515540
0.5011653192
0.5010791216
0.5009929611
0.5009068377
0.5008207513
0.5007347021
0.5006486898
0.5005627146
0.5004767763
0.5003908750
0.5003050106
0.5002191831
0.5001333925
0.5000476387
0.4999619218
0.4998762417
0.4997905983
0.4997049917
0.4996194218
0.4995338886
0.4994483921
0.4993629322
0.4992775090
0.4991921223
0.4991067723
0.4990214587
0.4989361817
0.4988509412
0.4987657372
0.4986805696
0.4985954384
0.4985103437
0.4984252853
0.4983402632
0.4982552775
0.4981703281
0.4980854149
0.4980005380
0.4979156974
0.4978308929
0.4977461246
0.4976613924
0.4975766964
0.4974920365
0.4974074126
0.4973228248
0.4972382731
0.4971537573
0.4970692775
0.4969848337
0.4969004258
0.4968160538
0.4967317176
0.4966474174
0.4965631529
0.4964789243
0.4963947314
0.4963105743
0.4962264530
0.4961423673
0.4960583174
0.4959743031
0.4958903244
0.4958063814
0.4957224739
0.4956386020
0.4955547656
0.4954709648
0.4953871994
0.4953034695
0.4952197751
0.4951361161
0.4950524924
0.4949689042
0.4948853513
0.4948018337
0.4947183514
0.4946349044
0.4945514927
0.4944681161
0.4943847748
0.4943014687
0.4942181977
0.4941349618
0.4940517611
0.4939685954
0.4938854648
0.4938023693
0.4937193087
0.4936362832
0.4935532926
0.4934703370
0.4933874163
0.4933045304
0.4932216795
0.4931388634
0.4930560821
0.4929733357
0.4928906240
0.4928079471
0.4927253049
0.4926426974
0.4925601246
0.4924775864
0.4923950829
0.4923126141
0.4922301798
0.4921477800
0.4920654149
0.4919830842
0.4919007881
0.4918185264
0.4917362992
0.4916541064
0.4915719480
0.4914898240
0.4914077344
0.4913256791
0.4912436581
0.4911616715
0.4910797191
0.4909978009
0.4909159169
0.4908340672
0.4907522516
0.4906704702
0.4905887230
0.4905070098
0.4904253307
0.4903436857
0.4902620748
0.4901804978
0.4900989548
0.4900174459
0.4899359708
0.4898545297
0.4897731225
0.4896917492
0.4896104098
0.4895291042
0.4894478324
0.4893665944
0.4892853901
0.4892042196
0.4891230829
0.4890419798
0.4889609104
0.4888798747
0.4887988726
0.4887179042
0.4886369693
0.4885560680
0.4884752002
0.4883943660
0.4883135653
0.4882327980
0.4881520642
0.4880713638
0.4879906969
0.4879100633
0.4878294631
0.4877488963
0.4876683628
0.4875878626
0.4875073956
0.4874269620
0.4873465615
0.4872661943
0.4871858603
0.4871055594
0.4870252917
0.4869450571
0.4868648557
0.4867846873
0.4867045519
0.4866244497
0.4865443804
0.4864643441
0.4863843408
0.4863043704
0.4862244330
0.4861445285
0.4860646569
0.4859848181
0.4859050122
0.4858252391
0.4857454989
0.4856657913
0.4855861166
0.4855064746
0.4854268653
0.4853472887
0.4852677447
0.4851882335
0.4851087548
0.4850293088
0.4849498953
0.4848705144
0.4847911661
0.4847118502
0.4846325669
0.4845533160
0.4844740976
0.4843949117
0.4843157581
0.4842366370
0.4841575482
0.4840784918
0.4839994677
0.4839204759
0.4838415164
0.4837625892
0.4836836942
0.4836048315
0.4835260009
0.4834472026
0.4833684364
0.4832897023
0.4832110003
0.4831323305
0.4830536927
0.4829750870
0.4828965133
0.4828179717
0.4827394620
0.4826609843
0.4825825386
0.4825041248
0.4824257429
0.4823473929
0.4822690747
0.4821907885
0.4821125340
0.4820343113
0.4819561205
